x_i = 4.015007e-317
x_f = 4.015007e-317
y_0 = 4.015007e-317
y_1 = 4.015007e-317
nmax = 1979609330
h = 0.000000e+000
